-1.629763421773478882e+00 8.241319992609493994e+00
-1.301048694528527783e+00 2.258241786982606136e+00
-1.450756757599733326e+00 3.159075879399943609e+00
-1.687706035792733594e+00 3.399356098810959903e+00
1.242588018193750532e+00 4.503991923872949776e+00
-1.148251677522632797e+00 8.216478877776857814e+00
1.714444486983127458e+00 5.025215236719036582e+00
3.471382995062395338e-01 3.451776565141004838e+00
8.829517412185799330e+00 -1.405360866240404016e+00
2.948218837710237850e+00 2.035197165556286603e+00
-4.749203582851246885e-02 5.474252564587463787e+00
6.704787694955030020e-01 4.040942746481678505e+00
-1.123527159014443999e+00 3.162359363077789087e+00
8.610625206363515360e+00 -2.299870575927860816e+00
2.762535264128668455e+00 7.897087584505262381e-01
7.438739881017236710e-01 4.122405677103188282e+00
4.435986299684274714e-01 3.115309446514033631e+00
-2.289195012313345323e+00 3.499520286227929322e+00
-1.652855371140575791e+00 7.854558350606204442e+00
9.249685519084088980e+00 -3.032025722129163992e+00
-1.401939026375789155e+00 3.503865683223350569e+00
-3.970135949881528070e-01 2.109226824647655096e+00
-4.063686369659635922e-01 3.461509056298353926e+00
1.748784438891554105e+00 1.892843494644895763e-01
-1.768810181405813253e+00 3.651349303562579252e+00
9.736329540748787537e+00 -1.837067131106206563e+00
-1.936736966192811771e+00 7.572767988794933736e+00
2.038358184429684972e+00 1.154662782256187459e+00
1.003725188927362622e+00 4.191477017432889696e+00
8.887084168320852129e+00 -3.665211514819101346e+00
8.652709504949907426e+00 -1.922212912515469219e+00
-1.775075401677753906e+00 2.469409374468668261e+00
-1.547075245161533275e+00 8.993179247931784914e+00
-1.010651747149163171e+00 7.179623110403290376e+00
2.296672506139407322e+00 4.867776053737489228e-01
1.567379752206205623e+00 -1.381059014610692692e-01
9.933050967552853550e+00 -1.938011385050886659e+00
1.077148513253251227e+00 1.175333013253401226e+00
8.999935707910180938e+00 -2.320682128069411210e+00
9.825770504289078389e+00 -2.139933031718632694e+00
8.791209411516282657e+00 -2.744899490134565578e+00
1.494931797862198319e+00 3.858488315204525065e+00
-5.555238109539522018e-01 4.695958484712606129e+00
1.816310901722149040e-01 8.402147707835842638e+00
9.441209969446529016e+00 -2.390059857270220078e+00
9.657334125679142289e+00 -3.301343250070946311e+00
1.412815948526552567e+00 1.530334696096618874e+00
-5.354378993347691518e-01 8.025625582796504176e+00
1.432892713634691173e+00 4.376792337344086903e+00
-1.307327289401409631e+00 7.437373043824329955e+00
-1.787996144254887732e+00 4.027440498420728154e+00
-6.786032905906937973e-01 7.887990760472709084e+00
-1.695108667975214090e+00 7.339596892446185628e+00
9.060858863268496322e+00 -3.156140399535256602e+00
1.868336002156454345e+00 9.313628652757841575e-01
-2.037800221053062799e+00 7.558509252752768859e+00
9.051746107255119966e+00 -2.474797130030001124e+00
2.245928625165393155e-01 4.770281540947536314e+00
7.675227889508035028e-01 4.397596708910778140e+00
7.931370011724170332e-03 4.176143159320008458e+00
1.356177616962864096e+00 1.438159552110449102e+00
-1.289200737940928931e+00 8.863465648631214222e+00
1.057119677958900006e+01 -1.529252853822610447e+00
-1.710205419413340033e+00 8.159009530416684086e+00
9.787353577162202001e+00 -2.721784979464533460e+00
-5.722742214822460483e-01 7.187501110623539802e+00
2.738907932158858305e+00 1.567681677257453110e-01
-9.023012847771856304e-01 7.710480762294797508e+00
-1.520604000789413046e+00 3.989404557676623941e+00
1.069238533964644855e+00 4.530684839209694559e+00
-2.230778056290401157e+00 4.084054972722698018e+00
-1.795949110012645455e+00 8.505669788499105266e+00
-1.848384983179889085e+00 6.908597357575027686e+00
-1.983517086044251032e+00 8.342077801482522759e+00
-2.143010330369513383e+00 8.099095036400315806e+00
-1.313084174917264146e+00 3.341826162248291432e+00
1.872717522441058602e+00 4.180692369188909296e+00
8.497541064186517445e+00 -2.170939101874935773e+00
2.334664985271153625e+00 -2.408255182839735831e-02
1.062696221243021766e+00 5.176351431626175170e+00
9.587221206339638258e+00 -2.434097422217794460e+00
1.895937607161569449e+00 5.185402589388560912e+00
2.338122852939059637e+00 3.431167922689131178e+00
-2.043639424254727111e+00 4.063921233192543170e+00
-9.585528325576566644e-01 2.824876205478622282e+00
1.532789231923748829e+00 5.503538610792875208e-01
1.510888502802932631e+00 9.288308974156201936e-01
2.161723206785129747e+00 6.565950982129797886e-01
9.258659535381225325e+00 -2.773988169007858495e+00
-1.943644729060724607e+00 2.828101537136520349e+00
1.517987584716672611e+00 1.129805158653494068e+00
1.651791252767307316e+00 6.819317630136121355e-01
-1.158456391014257125e+00 3.471206264273038578e+00
2.492721858739399998e+00 9.750534063923832484e-01
9.648394080636899517e+00 -3.292404216848494158e+00
-3.731387973336746100e-01 3.806191136193777247e+00
1.164110699537035831e+00 3.791329883867355033e+00
1.674674265224299852e+00 6.800189603456540111e-01
2.095177854862778855e+00 1.079146798581805733e+00
-1.347961108698271904e+00 3.713713799345340849e+00
