-9.113944296360156017e+00 6.813616293819828584e+00
-9.354575775806381444e+00 7.092789588960807912e+00
-2.015670675790836697e+00 8.281779938215708015e+00
-7.010235913087602633e+00 -6.220843482083632914e+00
-1.006120247774272336e+01 6.718671128948260574e+00
-6.365031417230058608e+00 -6.976072711254002634e+00
4.743787391738810477e+00 2.204360111778034259e+00
-6.631868318585895317e+00 -7.218344324958331448e+00
-2.796702165759924252e+00 8.902890742200030516e+00
3.925096737906512256e+00 2.367101849121029833e+00
-2.870221590390388489e+00 1.012565303890368362e+01
4.854088127807130171e+00 1.557423926784339496e+00
-2.383879466049896756e+00 7.838484053870455881e+00
-3.358420068282998550e+00 8.761898934539106065e+00
-9.228713298109106233e+00 7.031247685239885747e+00
-2.930429479379161428e+00 8.817688840239661374e+00
-9.814853219365907933e+00 7.352373883495532780e+00
3.424793284233537349e+00 2.085042272802388741e+00
-2.450951093443925810e+00 9.595473122518054510e+00
-2.157083366772587940e+00 1.032855950368430875e+01
5.335036183632543505e+00 1.480760292929705679e+00
-2.605969050052355573e+00 9.256716642287043939e+00
-6.294555351100619589e+00 -6.968344022177229924e+00
-8.905724586450508795e+00 7.190941155778769023e+00
-2.787248238740227535e+00 8.734848276056167649e+00
-8.520445249886840600e+00 8.188464087893443377e+00
-9.184390554977010623e+00 7.776757650994156279e+00
-7.370559601091353663e+00 -5.624677227864670392e+00
-6.886975254859418527e+00 -7.418462216167445611e+00
4.106170178452787312e+00 1.483683512961468942e+00
-3.103519418131162944e+00 8.674507490436658586e+00
3.997343337391433771e+00 2.262653133086643287e+00
-8.340126266709463110e+00 6.809872619953383222e+00
4.768335082706223638e+00 1.225726416713539102e+00
-9.747442393955141782e+00 8.143647475965417826e+00
-2.372721662290272704e+00 9.798571780767778350e+00
-8.384134586648798404e+00 6.770223720992127880e+00
-6.732647248486036240e+00 -7.184275498498624124e+00
-8.902545972608745473e+00 6.702377522047078706e+00
-6.674573605684974709e+00 -5.754407089746415238e+00
5.400025525740074883e+00 1.548568004569463641e+00
-2.354667388619091639e+00 8.969618578738622006e+00
-9.130891491079506039e+00 7.063988002806930844e+00
-6.948351098302841145e+00 -6.137419806091869212e+00
-2.530024684875896046e+00 8.313079305626601467e+00
-2.292360259747701967e+00 9.937108068077902701e+00
-8.795388014304375446e+00 7.036928447439633416e+00
4.348660707530639158e+00 2.022294167572525669e+00
-8.635766159390888319e+00 7.076396735825222883e+00
5.591488925915312436e+00 1.230480384644622616e+00
-6.834144456235033971e+00 -7.286406620183213612e+00
-8.843111341425981209e+00 8.211489398832718223e+00
-6.659668243493161555e+00 -7.444037465072359971e+00
-1.622461196207840572e+00 8.703323997234132747e+00
-6.172048880712973862e+00 -6.839598504429881487e+00
4.948907448011730104e+00 4.284808578333564100e+00
-8.601656471209032873e+00 7.070932227006545112e+00
5.217904513774694664e+00 2.220838240102630756e+00
4.707989243378849942e+00 2.370448088653359875e+00
-2.785580885628622827e+00 9.648559463929670343e+00
-8.696959021770870990e+00 7.786042031830882948e+00
5.919698861021861269e+00 8.019170042272310006e-01
5.179638761488051912e+00 2.157549396466697633e+00
-6.990999271562867712e+00 7.995267862359448863e+00
-7.029005680238713971e+00 -6.297167022703333394e+00
-7.418675993960285098e+00 -6.584958090372043493e+00
-7.310693723902732089e+00 -7.008177884303054661e+00
-6.452658264297935986e+00 -7.554894848378667760e+00
-7.901656654764362742e+00 -6.913438212613917777e+00
-3.146579851288413110e+00 9.298441586579430762e+00
-6.096339906858672997e+00 -6.867507288296291534e+00
-6.244572499041517233e+00 -7.935353285129814971e+00
-9.258163061431561758e+00 7.451910861939236241e+00
4.923821410972228030e+00 1.929472336346608419e+00
-2.744462514932044961e+00 8.136177159319050389e+00
-8.676053661168106501e+00 7.293380049829220724e+00
-8.120092451175196402e+00 -6.933581616983619966e+00
-7.335106788083488816e+00 -6.789873321390222038e+00
-2.869580837004033214e+00 8.839269878322355112e+00
-6.171963118718498009e+00 -7.161614984538769768e+00
-3.116896295253404503e+00 9.202834527755486604e+00
-2.552403696000950628e+00 9.616405866933536828e+00
-8.537777444061381615e+00 6.736989768619572772e+00
-2.310439564210611696e+00 9.599613204471737049e+00
-6.309372888239639821e+00 -7.226251786673388189e+00
-8.336912489396924641e+00 6.645698802704131936e+00
-8.137658519640126542e+00 7.476175421479431371e+00
5.759343542914955094e+00 2.257469436487804515e+00
5.699151380396759947e+00 2.216158710517305508e+00
3.813277215453847013e+00 1.410474659991658442e+00
-9.839970925308833216e+00 7.649539030926663763e+00
-2.530693246518721296e+00 9.953072321686725843e+00
-8.550939861188174618e+00 7.523720178670871839e+00
-1.959956352431505788e+00 9.211536793994131500e+00
-2.827053745312973376e+00 9.322246588066334994e+00
-9.170517339844320048e+00 6.604796179945394030e+00
-7.520199448780826579e+00 -6.965537284288722653e+00
-2.353267946503696084e+00 9.483379851264707838e+00
-9.296283250561520717e+00 6.240593655099991643e+00
-8.590266814701790210e+00 8.449600403033542761e+00
4.354911649531527651e+00 1.581172144396504997e+00
4.854551252437071085e+00 2.309640399761672569e+00
4.515005486013736302e+00 1.677369123145432184e+00
-2.034578454826922123e+00 8.468653655321478624e+00
-3.012728136986333460e+00 8.828758702687592219e+00
-2.364020260113129712e+00 7.866317981403643245e+00
-2.303026649311673335e+00 7.956462034980681608e+00
-2.358901912845224214e+00 9.222155053896507582e+00
-5.587717716644336363e+00 -7.340518131008776592e+00
-9.677468300927495548e+00 7.661304457513045563e+00
5.051634950452809747e+00 1.005540161226941009e+00
-2.979149598454492232e+00 8.821049218474916742e+00
-2.994293784788662816e+00 8.713231902047599675e+00
-2.468680700239995751e+00 8.159437216470246668e+00
-2.517295957895510750e+00 8.379659570824781412e+00
4.759314653572183751e+00 1.613039557645455258e+00
-9.460675449231883860e+00 7.209319708648537883e+00
-7.907507908605796665e+00 -6.067786168776699185e+00
-9.960802909251523118e+00 7.112614825073918290e+00
-7.483237620051091277e+00 -7.608622760948586361e+00
-6.568019282606567089e+00 -5.960466245474400182e+00
-6.745171702065020369e+00 -6.872554152806869432e+00
-1.667521036491090847e+00 8.173175490522952558e+00
-8.492393578802550635e+00 7.510273008224825020e+00
-6.680238783963514670e+00 -7.329201515209878615e+00
-8.915078311524469612e+00 6.750198651138447303e+00
-8.469827736609955693e+00 7.778027541527086086e+00
-2.915350823236325439e+00 9.381291901502843089e+00
-8.215803790081270819e+00 7.017513076185855070e+00
-7.197781762174734865e+00 -7.355833292633352727e+00
5.289709582133268029e+00 2.605450915161673819e+00
-3.660460352232175030e+00 8.998377802928791525e+00
-2.454141157131448647e+00 7.821744779437786121e+00
-3.544148322560570108e+00 8.676913610653738118e+00
-3.396310817273206606e+00 8.582379603161497172e+00
4.942871203616375553e+00 2.492622800442804820e+00
4.488337945392204986e+00 1.224499774761822479e+00
-9.000252717812033509e+00 6.736264686029318938e+00
-2.506129549067273476e+00 8.873533848173233096e+00
-7.187947341553286407e+00 -7.515637706409317609e+00
-2.790882254613721525e+00 9.339822154349899819e+00
4.492645966626379384e+00 1.520927985326238296e+00
-5.643178436222077821e+00 -5.826905087810024142e+00
-2.456969382109847277e+00 8.834881717918801058e+00
3.728256856655693507e+00 1.682629240220981259e+00
4.210696610672120421e+00 2.380928333301537414e+00
5.127596107531477543e+00 2.350946989094899298e+00
4.805893315826113010e+00 2.469479633362346327e+00
-6.113028253678215229e+00 -7.235052426577444962e+00
-2.917212455999844689e+00 9.153638346494924249e+00
-3.054012068365476562e+00 8.166903907397147222e+00
-7.659492676886176632e+00 7.344681046681740710e+00
4.808473956869121047e+00 1.599549972048375679e+00
-7.800095693592643542e+00 -6.113503500136840962e+00
-2.331525456814004471e+00 9.170919291506255178e+00
3.919700991994635508e+00 1.772468942436163042e+00
-6.890735072746704049e+00 -7.053304776628029238e+00
-9.156628445202326105e+00 6.978031971111895437e+00
-8.455172281369586429e+00 6.326610878137326921e+00
4.109564374507421292e+00 2.065404747508048811e+00
-4.081044685506596714e+00 9.507427630823455544e+00
-9.363698708666865045e+00 6.493843076920101431e+00
-5.948936005837756724e+00 -6.810704812700231869e+00
-8.117599403337642627e+00 7.078677691685772544e+00
4.674804067295701415e+00 1.287387505242358010e+00
-8.315652934576995392e+00 7.127908796197998775e+00
-7.162250174522263535e+00 -6.740879630861364546e+00
-2.473059497088134329e+00 1.049223139568949392e+01
-2.196032683682611619e+00 9.192476932138232470e+00
-2.021087292630948440e+00 8.275767538337948537e+00
-1.823503934343738031e+00 9.465445947810385618e+00
-3.060852163593032138e+00 9.944246771208845814e+00
-7.383460296459735339e+00 -7.239745180542359826e+00
4.371969864987888421e+00 2.487008960534815571e+00
4.050973645599331263e+00 2.250431768498694307e+00
-6.864921086595904498e+00 -6.581310618528676493e+00
-6.356234809118863183e+00 -6.770104389832935610e+00
4.481084736285327885e+00 3.605271183894503295e+00
5.913172554435680794e+00 2.592648840271420063e+00
-6.505155300919977179e+00 -6.503102287717378971e+00
-8.786373884152270719e+00 7.230116574263455220e+00
-2.835827257767859599e+00 9.080839682024240744e+00
-9.235902012003517569e+00 7.665882116654598732e+00
5.619325618587082793e+00 1.115084857164352350e+00
4.982413142644001702e+00 2.654509068049091258e+00
-1.032131445671238446e+01 6.845385762216417369e+00
-6.685127379658204916e+00 -6.958195425896557040e+00
-1.629808361699817798e+00 8.878820347906399846e+00
2.695118432186657920e+00 1.358537099140157967e+00
4.375852144209910755e+00 2.051614030312386650e+00
-6.917234649515172862e+00 -6.307024200975203776e+00
-5.902457863808495020e+00 -7.708170468204881054e+00
-7.374925509226777365e+00 -7.072941098267742532e+00
-9.802195548790553659e+00 7.445601097019037162e+00
4.201658857197819508e+00 2.103044837689917124e+00
-7.671767115363655520e+00 -5.781234333763334732e+00
-6.891036915892883030e+00 -7.481627212058631571e+00
5.926245289823296680e+00 2.353521097331538581e+00
4.055069834091708181e+00 2.445420446186203023e+00
-8.729208003600913202e+00 7.472455267278904856e+00
-2.066117675055504144e+00 9.117107096912304698e+00
-2.578586592485694329e+00 8.833623910844748295e+00
-7.372959428491128619e+00 -6.733897266380798996e+00
4.286259982061574547e+00 2.482930942153346976e+00
-2.021682129616231283e+00 9.828030145340814983e+00
-6.693082651792467530e+00 -5.994895863106215472e+00
-7.471062818952596274e+00 -6.577681683965240111e+00
-9.226271487181525899e+00 6.674594113330066136e+00
-6.821429612155639255e+00 -6.523015378013798049e+00
-2.292216008024169582e+00 8.627214275435246549e+00
-2.449406804000165305e+00 8.712200735728602652e+00
-7.458581267499332590e+00 -6.468478717276883394e+00
-6.008941026474245106e+00 -6.304547097624822349e+00
3.883348463627074310e+00 2.523886852173597539e+00
-8.809214779869114054e+00 6.824952845652080491e+00
-5.978212959893653533e+00 -6.835652725024081278e+00
-8.458658636972240075e+00 8.685938630181340159e+00
-8.492084480327687146e+00 7.201695683872907594e+00
-3.251368049579599351e+00 8.222012160347755838e+00
-9.003358774926995878e+00 5.942370216657351989e+00
-8.340684407925916588e+00 5.996841730093971812e+00
-8.153964625737154748e+00 -7.195562606284402918e+00
-9.292138203806592500e+00 6.470170689740098346e+00
-7.662308891454181925e+00 -6.478306063977923301e+00
4.647679971354845563e+00 2.845290130235122117e+00
4.164366393168481117e+00 1.904327819060592564e+00
-9.104903712681677419e+00 7.549903211325614372e+00
-7.826042775592471301e+00 7.852506769668373465e+00
4.450717289443893776e+00 2.428551216236692234e+00
4.593617810579639027e+00 2.177860868830718388e+00
5.133114932224795091e+00 3.111245473533100103e+00
-8.282621228117026391e+00 8.469172899780781805e+00
-2.714826332968812039e+00 8.532919766665349570e+00
-7.589582298750735312e+00 -8.103648899932007765e+00
4.667221940170390049e+00 1.582209475377241770e+00
-6.470455408374292006e+00 -7.066269647232020112e+00
-9.229429421317306037e+00 7.351962118288551729e+00
4.627337879849612534e+00 2.043566113926001293e+00
-7.851347128535239861e+00 7.174101291764876542e+00
-8.877975635824400413e+00 6.596913195641229244e+00
-8.664462842498162232e+00 8.568763394685966261e+00
-6.685996054948416756e+00 -7.376448159407340555e+00
-6.184760667051229177e+00 -6.405111976898185233e+00
5.015279244887104859e+00 1.458875150090962469e+00
-7.924453310274215845e+00 7.646868941709498380e+00
-7.836283786427889808e+00 -7.239734607048210258e+00
-6.465540796124602529e+00 -7.120841876407448368e+00
-6.876480971320360069e+00 -6.851921237017100985e+00
-8.682494255603121047e+00 6.780932940436057876e+00
-6.551368762449246930e+00 -7.001425184736283391e+00
-8.615640232613225535e+00 6.961131803469211121e+00
-6.944883280225385036e+00 -6.639082560016581702e+00
-9.193764111179332232e+00 6.805128453690813650e+00
6.028673976232206577e+00 8.528105683856832542e-01
-5.565745431220666894e+00 -7.365088564489037815e+00
-8.642171332377513338e+00 7.192062598213384561e+00
4.083720553281251497e+00 1.937454470303652032e+00
-3.306109252391808528e+00 9.132402869719795646e+00
-9.725479504103915929e+00 8.009775341422860961e+00
-2.333354139073541500e+00 8.585675277382501136e+00
4.505801165032591094e+00 2.401569980395987347e+00
-1.890597909555179701e+00 9.573054199668041164e+00
-8.791906772047440199e+00 6.806752394701744535e+00
-3.439595681692429796e+00 9.055423913081938281e+00
-6.384377381758452152e+00 -6.392003811675563085e+00
4.242806957367069032e+00 2.484629684818466355e+00
-6.807449812124130695e+00 -6.571446292840697367e+00
4.681760087222112787e+00 1.741981525823675936e+00
5.088254999302058046e+00 2.339391843200810950e+00
-2.624614201921423806e+00 9.195214533598489837e+00
-1.561669933748315309e+00 9.474746965690066247e+00
-6.821021532021971367e+00 -7.343915463589226533e+00
4.356719716754441585e+00 2.626540042121151775e+00
4.948899996553297598e+00 2.281441254488057346e+00
-8.778728373378474004e+00 7.774355189521776843e+00
-8.234552071107346549e+00 6.977387793784814107e+00
-7.041271291818004485e+00 -6.449584239798369367e+00
-3.172998607456367193e+00 8.296562153749919233e+00
-1.377486082326432104e+00 9.119032815897424982e+00
4.131802605387058236e+00 1.064261349129213219e+00
4.176183707505558118e+00 1.831078519896726764e+00
4.906170493115838305e+00 2.437950115998333889e+00
5.504642809667770642e+00 1.111652393233068414e+00
-7.748477796049664690e+00 -7.724587857901879850e+00
-8.635229912139362085e+00 7.074350167158222291e+00
4.678446847685378884e+00 1.326522817183148462e+00
-6.492401621400181178e+00 -6.058930658756537468e+00
5.212279894324022500e+00 2.364004434724210846e+00
4.548807779206751611e+00 2.326160007831477916e+00
-6.649187921787685696e+00 -6.899726442132402049e+00
-2.314747241415873180e+00 8.783236759948531258e+00
-7.149666474038816055e+00 -6.506399633867447463e+00
5.337777087521077490e+00 1.979309520552484214e+00
-2.641000755755257501e+00 9.228553671105370171e+00
-8.981696584755855639e+00 6.778984718273744825e+00
-3.199793769506131813e+00 9.239704939205724443e+00
4.142481829674857785e+00 1.637061059822550346e+00
-3.473687563789486621e+00 9.125066443317704667e+00
-8.827276729122278454e+00 8.329385302863872909e+00
-8.316564204572614472e+00 8.136905630781674503e+00
