1.164110699537035831e+00 3.791329883867355033e+00
-1.770734064255279350e+00 7.488150216782944568e+00
-8.108014374396281809e-01 7.912849762096040074e+00
1.062696221243021766e+00 5.176351431626175170e+00
1.432892713634691173e+00 4.376792337344086903e+00
1.494931797862198319e+00 3.858488315204525065e+00
-2.071283031851850698e+00 2.949049498810806025e+00
-2.014791782448577706e+00 1.882112699934116673e+00
2.793441929869510343e+00 1.619091569208583437e+00
9.398220196866702736e+00 -1.745186201594217668e+00
-1.930380281887476013e+00 2.702150364408797856e+00
-1.890707347652475612e+00 8.468131051800275699e+00
9.025083821564738429e+00 -2.779642510348899975e+00
1.749476212381885887e+00 6.348190789712250259e-01
-1.420448327869653582e+00 2.676813699608165731e+00
1.031505407057870416e+00 2.068128897077010642e+00
1.895937607161569449e+00 5.185402589388560912e+00
2.338122852939059637e+00 3.431167922689131178e+00
1.042702042590881817e+01 -1.442860748623790990e+00
9.279555222453078400e+00 -1.259647327140944295e+00
1.822871430988106667e+00 7.162820095927354691e-01
8.510964210929145679e+00 -1.749531598589638914e+00
-1.833387095763229224e+00 2.209502950859675519e+00
-9.688583109078743316e-01 6.913713803875260133e+00
1.086928812898106944e+00 7.700194918095556451e-01
1.242588018193750532e+00 4.503991923872949776e+00
1.003725188927362622e+00 4.191477017432889696e+00
1.426135742392622419e+00 4.565289763055180305e-02
-2.505023021401532102e+00 3.195551614648587169e+00
-3.553044584687904406e-01 8.972993521259944316e+00
-1.435187294022573834e+00 7.869159220979441649e+00
9.031349041836678637e+00 -1.597702581254988985e+00
2.148235976851027740e+00 1.124561171699240969e+00
-2.064183949938110718e+00 3.150023760048680010e+00
1.522596072854810245e+00 -2.908142209964192926e-01
-1.006850790039620858e+00 7.424573961077406636e+00
-1.486993679792004697e+00 3.099365399976991675e+00
-5.555238109539522018e-01 4.695958484712606129e+00
-1.543813350225098358e+00 3.174881383651373401e+00
-1.947345679216164083e+00 8.375955907814105927e+00
-5.409880320503598350e-01 7.727505114154183730e+00
1.846520231837186277e+00 9.914730414003248837e-01
9.487075048325227300e+00 -1.907225722569276583e+00
1.040314562825433953e+01 -3.139825060169913140e+00
1.303590305402922311e+00 1.364157873437082724e+00
1.872717522441058602e+00 4.180692369188909296e+00
8.569381166952091178e+00 -1.164996912094869996e+00
-1.907497269430483477e+00 2.700237561740840064e+00
9.349402465642757676e+00 -2.089976005417624627e+00
-5.646153640201698742e-01 7.094564523429403025e+00
