-3.588758123225868957e+00 -1.679874233306221321e+00
-4.217009612715408196e+00 -2.072854406388335846e-01
-3.505953607880026190e+00 -2.781822303901128723e+00
-4.239929265979528239e+00 -2.121085766638158177e+00
-5.082575081434846709e+00 -1.671521198449302137e+00
-4.884765143071297722e+00 -8.365811944296199787e-01
-4.391169819882405179e+00 -1.902659986805737224e+00
-4.644909413803659071e+00 -1.733060538100586578e+00
-3.804736741473915274e+00 -2.164126611012640922e+00
-4.749545838679279264e+00 -2.683276591441379644e+00
-7.042391852667263308e+00 -1.477105123647711515e+00
-4.308451040912395058e+00 -2.593732016325153822e+00
-3.184196300809913893e+00 -3.163492539679011895e+00
-4.963393186158842951e+00 -2.149747080020667056e+00
-3.773776628513234144e+00 -8.245129840797720266e-01
-4.876042059442466936e+00 -1.697469984318261016e+00
-5.710228598104090558e+00 -3.584637174579141661e+00
-5.278329719460922220e+00 -1.874920824716815870e+00
-4.015767455417822873e+00 -1.038096120972471059e+00
-5.309861453926361996e+00 -2.241842200460268497e+00
-5.838842372053674623e+00 -3.136014349743180496e+00
-6.365016152500009738e+00 -4.393796838145682671e-01
-5.407721745401322444e+00 -2.350459441288949236e+00
-6.002236288039941137e+00 -1.378007715334471861e+00
-6.291118278046361034e+00 -2.170192224171175077e+00
-5.716373248954941033e+00 -1.690478001712590439e+00
-5.408644110055098153e+00 -2.944505747297929688e+00
-5.022545782670923664e+00 -1.657334503575665918e+00
-4.946786222093465746e+00 -1.758022481808174886e+00
-5.507457674944770787e+00 -2.290192932789710589e+00
-5.537968358220760834e+00 -2.287642529232432942e+00
-5.650517025635563684e+00 -3.381026081865341482e+00
-4.858059086196997889e+00 -2.321424748966609553e+00
-6.304158677572836211e+00 -1.629774195579380525e+00
-5.725838691506593747e+00 -1.958443683363088939e+00
-4.416727550257970591e+00 -1.896813671394071532e+00
-4.088479452365358924e+00 -2.987860656282922189e+00
-4.678126687057960531e+00 -2.547848072752250559e+00
-5.696637719345505779e+00 -2.463079731811532280e+00
-5.249242025701898129e+00 -1.955067726216203727e+00
-5.932119872626685719e+00 -1.279338810436650320e+00
-4.627470048215632126e+00 -3.228994949021779082e+00
-3.809398244963520419e+00 -4.832886591755334305e-01
-4.056976343072279612e+00 -2.143939868649880509e+00
-5.856602097208433833e+00 -1.156438618455090772e+00
-5.322541557578543525e+00 -1.022043943694058044e+00
-4.833380017538511986e+00 -1.218688770813029620e+00
-4.714906882260478937e+00 -1.434741465446441433e+00
-4.991599983423343545e+00 -5.713036048753317164e-01
-4.898470325837104511e+00 -1.678408509244238678e+00
-3.493479442354996412e+00 -3.078207248913956917e+00
-6.016387998788586877e+00 -1.224482633473590987e+00
-5.938498724091328285e+00 -4.451030514805658367e-01
-5.330895184607797432e+00 -2.597963849152606031e+00
-3.461646378815692149e+00 -8.155881668524604944e-01
-3.505952831658744273e+00 -1.275164273379691737e+00
-5.688980548043762298e+00 -4.719480375207729672e-01
-5.214402696761104572e+00 -1.358034883362883694e+00
-4.242198425781001703e+00 -2.124008074472667484e+00
-4.508736503723135947e+00 -1.262234662746778646e+00
-4.698859575075496231e+00 -2.879520632467355679e+00
-4.761409460635155355e+00 -9.388912826503756914e-01
-5.555654287785092293e+00 -2.119707632262136432e+00
-5.348122841377310088e+00 -5.205890172165263952e-01
-4.462164194390052074e+00 -1.674030531007111744e+00
-5.615932859556252765e+00 -1.568600646966546108e+00
-5.539466128525901034e+00 -1.974535553380519115e+00
-5.508676862703104860e+00 -1.458853364042800305e+00
-4.538727346708046895e+00 -2.166639004462395768e+00
-4.683194629870683912e+00 -2.874449206984404537e+00
-6.193006074164484787e+00 -1.648486638988370334e+00
-4.866661203701976746e+00 -1.491974850486314841e+00
-3.093484180108846182e+00 -1.244416410407668927e+00
-5.730257780355326958e+00 -1.106386969523317720e+00
-6.052725928409216749e+00 -2.369267683851767003e+00
-5.054593284259705221e+00 -6.293258226805065192e-01
-5.595803857638752099e+00 -2.661150830927211608e+00
-5.078762019540345563e+00 -2.530782629089685987e+00
-4.098691262314794415e+00 -2.863945206690738488e+00
-5.917974921928881749e+00 -2.350256035795547316e+00
-5.398425960553844050e+00 -4.563743569464113747e-01
-4.240463354459391709e+00 -1.929959006891847295e+00
-5.980348415064134393e+00 -1.324509618878762396e+00
-5.800172277911651797e+00 -3.235816877422089455e+00
-4.049576166118158405e+00 -1.746445910460120210e+00
-4.263312940975344745e+00 -1.745017877645583138e+00
-4.314535510477846891e+00 -2.520820474640117492e+00
-5.827394273427572102e+00 -1.454724385374698503e+00
-5.642727731339072683e+00 -2.551639822200160612e+00
-5.364426002813874383e+00 -1.986016672779954639e+00
-5.283195129002787205e+00 -3.099961034734414866e+00
-5.514894722266312499e+00 -3.778722521779541488e+00
-4.499814839178250203e+00 -3.281646124485398275e+00
-5.883506671542760635e+00 -1.958267936591220559e+00
-5.591650397113050452e+00 -7.655883236746112708e-01
-6.034285527778759040e+00 -1.786359304520653613e+00
-5.031426254581996105e+00 -2.934474798192957756e+00
-4.581378671574596773e+00 -2.137237064977798529e+00
-4.382567559029066473e+00 -1.341196676829014667e+00
-3.269411240575448296e+00 -9.307776404508862900e-01
-5.295345470353955086e+00 -2.191503342060741044e+00
-4.120272323290309124e+00 -1.475789015421921757e+00
-4.487894779121926803e+00 -3.293564835448667516e+00
-5.019460899519148533e+00 -2.590424727364550872e+00
-4.776060320765409095e+00 -2.078520311714366464e+00
-4.271856873525926801e+00 -1.746225427846958222e+00
-4.370937630312819344e+00 -2.373135277388754627e+00
-5.755557004734599857e+00 -2.328039754562039043e+00
-5.013616331089152389e+00 -1.696678611555934468e+00
-3.192552839447317936e+00 -2.033805721328514338e+00
-5.764756000394221758e+00 -2.276785420559509276e+00
-5.370876779716875049e+00 -1.614814820981230303e+00
-6.232637611555699841e+00 -1.949390404639734564e+00
-4.874794769627699864e+00 -1.814255171039779402e+00
-5.477852855172289814e+00 -2.190337383788805603e+00
-6.139248727186025434e+00 -2.394655906689755476e+00
-5.434289180813374642e+00 -1.667159962990859556e+00
-5.924945945457530172e+00 -1.375041518632005300e+00
-3.804412364406904778e+00 -3.655988020010826123e+00
-4.658993015377519420e+00 -1.458473571975803518e+00
-5.509949620441783047e+00 -2.317817451463038303e+00
-5.106304462069564565e+00 -2.238232703521382483e+00
-5.247210375237697733e+00 -3.340803045063981180e+00
-4.078134748173503965e+00 -1.136305126370543039e+00
-5.650691407363362728e+00 -3.173139462242011266e+00
-4.583148098837793505e+00 -2.460630375850453078e+00
-4.886437469343376527e+00 -2.255462733716075974e+00
-4.446768999143850820e+00 -1.444200685075195167e+00
-5.580477902770867082e+00 -3.106691164316044418e+00
-6.266350717868065523e+00 -1.511696496714235893e+00
-5.951087406227223653e+00 -2.405453083438950035e+00
-5.477051230760406675e+00 -2.042053837015636919e+00
-6.549023844677205553e+00 -1.848977122564937181e+00
-4.580887180932635694e+00 -1.929262330364270861e+00
-5.248708937358776971e+00 -1.922079866984973240e+00
-4.680762923487895577e+00 -4.218074205141320476e+00
-3.435270153399444304e+00 -1.687925341849658700e+00
-5.521926865909615678e+00 -2.312762700150080786e+00
-4.605006578120649507e+00 -2.092883151227493244e+00
-6.624547574225195135e+00 -3.484057109125444640e-01
-5.088432525785978378e+00 -1.183861830627360057e+00
-5.553639878227512483e+00 -7.708983566033618118e-01
-4.770925048886176079e+00 -1.512924932419639434e+00
-5.836202692917563439e+00 -1.031083768253839406e+00
-4.448145468372169731e+00 -9.585230163480011889e-01
-5.502470047713263313e+00 -2.384821694768630262e+00
-3.156866641852846378e+00 -2.848012658177237810e+00
-5.108759760542656458e+00 -1.090486909917843583e+00
-4.921820025828115064e+00 -1.533637056197365123e+00
-5.319559223410299964e+00 -1.703955289721984956e+00
-6.045221481388253437e+00 -6.734954563054493804e-01
-5.094531236102855409e+00 -2.544142563197480555e+00
-4.466893534374468899e+00 -2.368575829910842589e+00
-6.067406777122203110e+00 -3.077374004638044447e+00
-4.444981477847893991e+00 -2.127658750517013697e+00
-5.106961247734751019e+00 -1.137804955218989722e+00
-5.901460647005395188e+00 -2.584542202291860047e+00
-5.307903847345020409e+00 -1.924518728546340762e+00
-5.033737161032463270e+00 -2.229509753911925962e+00
-5.049301121676517567e+00 -2.085844221032939760e+00
-5.575683510841434654e+00 -2.650394390843262116e+00
-4.780386913820848349e+00 -2.712732066396422503e+00
-5.925884207352682509e+00 -2.249833800900554515e+00
-5.126133612931052852e+00 -1.946212021614324161e-01
-5.563760220684986990e+00 -1.245391420024404283e+00
-4.402249332636294810e+00 -2.951155964162988976e+00
-4.381397618077920164e+00 -2.947104512154654188e+00
-7.127337790397392681e+00 -1.514944380512495359e+00
-6.404712466750175359e+00 -1.639252430555268036e+00
-5.547208718189772902e+00 -6.723593630481021766e-01
-4.145192480547192915e+00 -2.362708643081110171e+00
-5.550270088822945702e+00 -2.971261922475296302e+00
-5.352738105834073501e+00 -2.224284396147607090e+00
-5.291754835513348354e+00 -1.874636915782108781e+00
-4.537182801816896927e+00 -1.720276434405460853e+00
-5.611315139125154339e+00 -3.150233179041262765e+00
-3.908374521518022782e+00 -2.551559347639950293e+00
-5.521834879948015029e+00 -2.416951449840888611e+00
-6.474455640125318823e+00 -2.382379203232389386e+00
-5.383724651206358125e+00 -1.503713361325190068e+00
-4.441234280714130733e+00 -1.996983288730984629e+00
-4.254521300708557163e+00 -1.728028012958990445e+00
-5.012545689282044137e+00 -1.871257465361421568e+00
-5.152522794865119771e+00 -2.315879611226760115e+00
-5.214186829515172761e+00 -2.902409065176005498e+00
-4.775646635746963575e+00 -2.794498888743664367e+00
-4.326694988741090597e+00 -2.199566864128759125e+00
-4.960404014679927087e+00 -1.604930578975234834e+00
-4.485348427949658046e+00 -3.256498726906762009e+00
-5.165522940931177587e+00 -1.295856870335374111e+00
-6.358484655545803221e+00 -1.690175619683949249e+00
-6.804451383521751495e+00 -2.818005474908482633e+00
-4.969095558527849121e+00 -3.325372081857563167e+00
-5.788408590147320787e+00 -3.177468005970869314e+00
-3.681492054233951983e+00 -1.868617795610132859e+00
-4.546167777717864844e+00 -2.178140080412123591e+00
-5.282745399005759346e+00 -3.293179350920826032e+00
-5.233469890198290564e+00 -2.609193769449298816e+00
-4.313660860566130850e+00 -1.087118506673941276e+00
-3.826737027540657810e+00 -1.317958448431014506e+00
-5.478923149538388770e+00 -2.892717588768315640e+00
-4.386669454683930880e+00 -1.714965746022168780e+00
-6.414830760541624599e+00 -1.715614565804984615e+00
-4.348384142009706466e+00 -1.952859528654696142e+00
-5.148042936807473602e+00 -2.646118790093084705e+00
-6.157227759650710119e+00 -1.359761640527977988e+00
-5.247291555817366948e+00 -2.186773329234954044e+00
-3.613823050464693321e+00 -1.452399114512647582e+00
-4.703339998975118341e+00 -1.886350555850211386e+00
-3.784004111387381464e+00 -6.243285540670442391e-01
-4.256395910816377359e+00 -1.534220326881660545e+00
-6.675682456964915801e+00 -1.901022468613194683e+00
-5.104085563354963107e+00 -1.924837416491544939e+00
-4.245563130141985830e+00 -4.191741733751644716e+00
-5.455449642776148522e+00 -1.784076516047390815e+00
-5.373476436842209658e+00 -3.133524890501007576e+00
-4.304829210482563617e+00 -1.778502475323097576e+00
-5.776883656355587426e+00 -1.748146236387341013e+00
-4.342731430360163181e+00 -1.995765882960511384e+00
-4.359548157255202838e+00 -1.937391859870670974e+00
-5.316183186123483395e+00 -2.927536413119930181e+00
-5.068744613577290004e+00 -1.844565649563382648e+00
-4.299333790730135441e+00 -2.092085974789781311e+00
-4.634067515023207129e+00 -2.771689610986982633e+00
-5.626103324662020455e+00 -2.088311439221510302e+00
-5.843702771188011624e+00 -1.343801730140254946e+00
-4.629495736545114148e+00 -1.776723388486037170e+00
-4.728876699827244678e+00 -3.831651508121618477e-01
-5.375091350373436327e+00 -3.761153028400446630e+00
-4.840559842482828223e+00 -2.040482832769332511e+00
-5.414015234008322963e+00 -2.783063887487015720e+00
-5.351351617441718389e+00 -1.854929256625742928e+00
-5.402253360514031044e+00 -7.003705636500101583e-02
-5.768403505306518575e+00 -2.634493890166137220e+00
-6.830896032011622765e+00 -1.798812467982770391e+00
-6.613125302239808434e+00 -2.431563706699601202e+00
-5.220536427648445610e+00 -2.567782372677510416e+00
-3.608901858036391186e+00 -1.204484486947600796e+00
-3.944690498958739688e+00 -2.705935054839935017e+00
-4.097124748388345061e+00 -1.603199242924830292e+00
-4.382875241058523663e+00 -1.176448936973786275e+00
-5.727010596767242667e+00 -2.339454096782321191e+00
-4.309923190937238857e+00 -4.124495274379945897e+00
-3.789337533941435687e+00 -1.557494348633932768e+00
-5.036563168528187973e+00 -1.823593875394261321e+00
-5.823948226647181592e+00 -2.279954691671283840e+00
-4.119772529423700647e+00 -9.615824221390230075e-01
-2.843020757949136001e+00 -2.059139733024331953e+00
-5.526842373444003087e+00 -2.411387172751990882e+00
-5.814433500229892360e+00 -2.062283804752680805e+00
4.191366215006134155e+00 -1.017121140265976997e+00
4.548173422832899604e+00 -1.117107900672268173e+00
3.826274673750718502e+00 -1.290634238430162561e+00
3.183682736882752273e+00 -1.783883862154227007e+00
3.410421034681156094e+00 -3.492859641676195892e-01
4.447630136444964855e+00 -3.125179668035050762e-01
3.333894172702748904e+00 -1.984312344893010227e+00
3.669971839932958613e+00 -9.120905233519860378e-01
4.249345137454914045e+00 -4.760139220159735896e-01
4.142139835403606973e+00 -1.286656096721844333e-01
3.888697159525839719e+00 -1.456539609020898185e+00
3.159390892252783356e+00 -1.444485679047724958e+00
4.121058980492561474e+00 -1.444360128676815513e+00
4.468371231767628515e+00 -2.938361469812784676e-01
2.815206547386698510e+00 -5.679738497511760409e-01
2.880197970669131635e+00 -7.992504724548562534e-01
4.612435282096829958e+00 -9.675719468282119040e-01
3.360155413397880153e+00 -1.292715602138886366e+00
3.869177277144549620e+00 -1.091122391894971511e+00
3.898551579616666540e+00 -1.054941389654656891e+00
4.106740024455084459e+00 -1.604286826866610616e+00
3.878990085064890181e+00 -2.408694148221472986e-01
3.807677288428741313e+00 -1.221918046577598949e+00
4.539098651857118583e+00 -2.279592333172048235e+00
4.590689300644142712e+00 -1.315951879002583702e+00
4.081964286226293481e+00 -9.518393220394015808e-01
4.471234059610196709e+00 -1.133797373117673812e+00
3.660987109217774815e+00 -3.510771046744506352e-01
2.817913091429409711e+00 -9.898329091473784258e-01
3.326037288685439908e+00 -1.380786694128279368e+00
5.005628340731568926e+00 -1.022297713227928506e+00
4.097534848575690170e+00 -1.890781427852795682e+00
3.635477670602652367e+00 -9.017212996356075427e-01
4.177378846556608849e+00 -6.915567228033605574e-01
4.004313949458787825e+00 -7.364978957726702191e-01
4.226890956317841841e+00 -1.914870205502265721e+00
4.018502860955075029e+00 -6.160487961336481577e-01
4.294939910367260083e+00 -1.181929404985395005e+00
3.597186746230315979e+00 -1.559155962160815978e+00
3.934472994229293974e+00 -4.334600602201390540e-01
3.024097949259199059e+00 -1.329945864864749083e+00
3.430098772286612974e+00 -6.075212393797499999e-01
3.722845186714349719e+00 -1.235318829077395764e+00
3.891525215031675700e+00 -7.773033745526013449e-01
3.803805500925181438e+00 -2.523071527399963543e+00
4.271655945693759726e+00 -7.804785211639787557e-01
3.890229485834393319e+00 -1.542018310335967257e+00
4.175890055340679474e+00 -8.103822332322065947e-01
3.764983558649562578e+00 -1.108365735287769382e+00
3.534921748737839486e+00 -1.089294546043664491e+00
3.224785327458259410e+00 -7.913405894840822574e-01
3.527815754587853014e+00 -8.809484260838439385e-01
3.297018541866050256e+00 -1.295028822934769952e+00
3.944755297467036126e+00 -1.830349905934631760e+00
4.057573936570046058e+00 -1.189573781439961397e+00
3.128821901095384828e+00 -1.651621377056157858e+00
4.302560042041083221e+00 -5.522220072243380073e-01
3.934045680110016541e+00 -7.976190939797512813e-01
4.111921781656455721e+00 -8.351885089361309467e-01
4.642992003540146406e+00 -1.753499199107136031e+00
4.338230366180811259e+00 -1.191004477788910165e+00
3.887870532874179830e+00 -1.151124865227534988e+00
3.812426441669358290e+00 -1.613098095891509542e+00
4.091669599628800391e+00 -1.645284836055713740e-01
3.971933489775621329e+00 -1.000692521367547938e+00
3.656350481421668075e+00 -1.058737273209055640e+00
4.233083213017015289e+00 -1.185121220352171489e+00
3.773097979473999608e+00 -7.983677299183765674e-01
3.540997615090477169e+00 -8.737516864615637591e-01
4.410160898630710591e+00 -3.200257291602578436e-01
3.954808996361526496e+00 -3.162013800966432253e-01
4.517204943240758830e+00 -1.498106320185533136e+00
3.391030744203424430e+00 -1.152481818927210133e+00
4.514467746297427198e+00 -1.036143503780002417e+00
3.699671221171105806e+00 -2.238784099757196167e-01
4.143452244001673002e+00 -2.160297137895370589e+00
4.158580313146344132e+00 -7.399796927145660952e-01
4.112804327235552115e+00 -7.751439498840037023e-01
3.966362195538509106e+00 -1.659197934822367104e+00
3.814647998389773420e+00 -1.472807897778145581e+00
3.533629544602811201e+00 -1.631534174551137806e+00
4.226244546319823492e+00 -9.510519272936864832e-01
3.775917318659645971e+00 -1.324668963865194060e+00
3.988288447489273914e+00 -4.604026359437554117e-01
2.997892142250542236e+00 -8.115617395745535756e-01
3.727144012991108646e+00 -1.942292922489723850e+00
3.027148458418020383e+00 -1.456391747067645959e+00
4.109754777896522882e+00 -8.034685330099542444e-01
3.530509213661107371e+00 -4.914895042933776770e-01
4.711491748258053391e+00 -8.019567075217198804e-01
3.704298666095944714e+00 -4.377904077448159237e-01
4.377697847831669264e+00 -5.662962943225410273e-01
3.671768162514234213e+00 -2.417277252637351381e+00
5.058395510741837242e+00 -1.805439201724966747e+00
3.982115964069889547e+00 1.903726756098751416e-01
4.165288378137186776e+00 -5.253767632208821148e-01
3.248801715309143745e+00 -1.888833477366853142e+00
3.733648604010222805e+00 -4.546251327827499633e-01
3.826875276176345153e+00 -1.397318160535749421e+00
4.098983644972483908e+00 -4.590323907613673704e-01
3.277529900463314050e+00 -1.605271497061675934e+00
3.605665372745316954e+00 -4.526808126439543223e-01
4.117410762974365923e+00 6.607670528522180398e-02
4.468222862915557592e+00 -1.017547588434835282e+00
4.632538919044383086e+00 -8.942514936340609788e-01
3.647539323746277429e+00 -6.600125778774488250e-01
3.651836673069458694e+00 -1.145198550401933302e+00
4.663891347978991853e+00 -1.050640743108699704e+00
3.598429306329185895e+00 -1.232168845717745764e+00
4.510895292794336875e+00 -1.276270336708364539e+00
3.806564576574676728e+00 -1.255146369816814378e+00
4.091962747170154735e+00 -1.192744880187804224e+00
3.199081975513731635e+00 -1.443590470922520019e+00
3.533605479246781034e+00 -3.783403077724225572e-01
4.406337021054521408e+00 -7.063703103000870120e-01
3.747320841367795197e+00 -1.407895770996985707e+00
3.746241199171321590e+00 -1.525940051275836984e+00
5.248600195793503786e+00 -2.122660824185700790e+00
4.282004267536904329e+00 -1.642276148996263618e+00
3.947828254252653490e+00 -1.494000971246867149e+00
3.411185518758684587e+00 -1.570098150467480913e+00
4.877493076871028954e+00 -1.066494211154795924e+00
3.617148902760956908e+00 -7.221065179585635097e-01
4.005174657283149919e+00 -6.399831203291735937e-01
3.087871672031084813e+00 -8.481980477689993192e-01
4.386347418551190813e+00 -1.830799145557281848e+00
4.224097642211655845e+00 -1.519092135859196890e-01
3.992571148322648700e+00 -5.892970314875943805e-01
4.335285225155455002e+00 -1.353752848755288340e+00
4.019883367293247467e+00 -1.783497355430801345e+00
3.774348481448737136e+00 -8.671560125168820132e-01
4.361550246868898917e+00 -9.876939373760441621e-01
4.359991865071582318e+00 -1.551453106477684862e+00
3.949151362722564063e+00 -9.903603077434613988e-01
4.924795623339818462e+00 -1.107083328100042063e+00
3.750491681002908528e+00 -9.893243880782256472e-01
3.540443277565028080e+00 -9.036230754673919563e-01
3.817472391726871361e+00 -1.895663774020591941e+00
3.970706724433069379e+00 -1.158771546965099652e+00
3.183788348966008375e+00 -1.033567077307260940e+00
4.744677981037240144e+00 -7.393481258621431573e-01
4.305963596365579349e+00 -1.670748362791521391e+00
4.238449184461111408e+00 -9.257752093099609336e-01
4.264522619167215645e+00 -7.886856891455871210e-01
3.320109637248092938e+00 -1.020700405778983688e+00
3.621064569787416865e+00 -1.025042047142411095e+00
3.551299536549084923e+00 -3.437648164295018516e-01
3.570513805777828953e+00 -1.449471078232767995e+00
4.037293203271776321e+00 -1.538549534701997512e+00
3.787668348783566952e+00 -1.414982298768980851e+00
4.705586031944806180e+00 -6.070980865844137764e-01
3.971265240767302807e+00 -1.195608526087008183e+00
4.470458807287556624e+00 -7.973979598385559919e-01
4.249026202341428693e+00 -1.013096118672125234e+00
3.155884986114283919e+00 -1.056232991279776323e+00
3.733755040395466018e+00 -6.774723632700615505e-01
4.505921216497094761e+00 -1.328975522380584362e+00
4.234192617138526238e+00 -1.320605011571434062e-01
3.666143639714720681e+00 -1.590391299634311695e-01
3.573707076414676553e+00 -9.885201221960242535e-01
3.994427194079079424e+00 -9.942505500649687633e-01
3.581160979046027482e+00 -1.295591551882214976e+00
3.666139856820300302e+00 -8.365187022977713660e-01
4.165017557255155545e+00 1.129721658691293928e-01
4.685494503145561040e+00 -1.254921621069239546e+00
4.162434807898092615e+00 -5.014410096041201914e-01
4.015300912169259107e+00 -1.034820789223467763e+00
4.025787471384944638e+00 -5.663616855957860352e-01
3.575839738597383910e+00 -1.162834734410087112e+00
4.235216572423240677e+00 -8.442764642229222405e-01
4.119791379928195774e+00 -1.184900583151901721e+00
4.486267894571268400e+00 6.693412360226869140e-02
4.203207746838103276e+00 -1.096588350774919896e+00
4.377870144447271628e+00 -1.269566318376494918e+00
3.625154827648551681e+00 -9.835956261931441125e-01
2.708601683515027503e+00 -1.576975181826004713e+00
3.826019072039577029e+00 -1.676694429073856796e+00
3.483678449053935200e+00 -1.218374168729003726e+00
3.178517353234695531e+00 -1.203035898129916070e+00
3.732364917733577592e+00 -9.872973958074919842e-01
4.577092015247009371e+00 -9.137477917535670180e-01
4.010531010671031460e+00 -9.502727714846441742e-01
4.113696387560564105e+00 -1.508369324304884351e+00
3.942612337614600726e+00 -8.456243790816934114e-01
3.314620008728469625e+00 -5.671735385920733119e-01
4.540688017229094875e+00 -1.315687994224694402e+00
3.879331104273447739e+00 -1.439095171405036622e+00
4.349690241793908285e+00 -1.530611143722954592e+00
3.888761494878540059e+00 -1.429459953903835734e+00
4.025477138505644703e+00 -1.897114635744860500e+00
4.663230821182846597e+00 -1.482303212103131873e+00
4.029947341558138163e+00 -1.106261522385154628e+00
3.618942744038751158e+00 -1.443890068317967623e+00
4.468199271776230219e+00 -1.262820296550969834e+00
4.135585092318655676e+00 -1.400748442697187457e+00
3.676409284076119555e+00 -7.638764249560756614e-01
4.465204248055558267e+00 -1.087658201163510086e+00
3.289040064179781453e+00 -1.021960124997667307e-03
3.571725345882895475e+00 -1.770793699835893742e+00
5.297212293884076217e+00 -1.202016146925468654e+00
3.269133655869295829e+00 -1.341719883394340895e+00
4.183772448011134237e+00 -9.048442212030300968e-01
3.574135401373204957e+00 -8.863819993602028990e-02
3.739210161003313271e+00 -1.592343295205775888e+00
4.480346699230329577e+00 -3.354685767301588406e-01
3.591253451191886548e+00 -1.700673646519655247e+00
4.515219133707802257e+00 -2.023661806528981089e+00
3.386689170301692364e+00 -5.162769249748824230e-01
3.972323725988805343e+00 -1.131968674296343957e+00
4.176408303247189480e+00 -1.076387211772704244e+00
3.350656638918454888e+00 -3.619623269969062251e-01
4.662507026443407199e+00 -8.973337181110201399e-01
4.022567007716005172e+00 1.698124030100289783e-01
3.861783577492081232e+00 -1.129788490917019717e+00
4.182240624620252589e+00 -2.643390219288308529e-01
4.796385377208741474e+00 -1.129286315838385679e+00
4.154165622979672179e+00 -1.689041733532038680e+00
3.844011946041893335e+00 -1.420145197739653309e+00
3.496584123850507986e+00 -1.592116418663361843e-01
3.603856669096927590e+00 -1.265802954005727399e+00
4.182924393958429299e+00 -3.510873665132072663e-01
4.240557563194418123e+00 3.796775570107910891e-01
3.962666010874425382e+00 -8.706417798851269207e-01
4.137800336992028427e+00 -2.824753066054227491e-01
4.253619475554807572e+00 -1.058114850193574652e+00
3.526255702546560400e+00 -8.777782720191836807e-01
4.700672415645979818e+00 -1.205190896828935321e+00
4.264471809208290942e+00 -8.769261056575778923e-01
4.431759829190657030e+00 -1.402376870318934543e+00
5.173323515263280825e+00 -1.639580553514129235e+00
3.817224455006981376e+00 -5.309537295471772333e-01
4.148366586247056453e+00 -5.850069204594483541e-01
3.751948833008718953e+00 -1.037402491340170485e+00
4.006115991819408251e+00 -2.153701927320478271e-01
4.345214512191524214e+00 -6.016639458176642474e-01
3.671036953731602548e+00 -5.155586807184746601e-01
4.112790831784401746e+00 -3.054273421610362860e-01
5.007030077459234008e+00 -1.153382888013502194e+00
3.796848434777468917e+00 -1.432022495551184882e+00
3.928210244141839613e+00 -1.191012724475191797e+00
4.179752199785505162e+00 -1.072283408466867982e+00
3.819200359609189910e+00 -4.677074319360741139e-01
3.531059884424274209e+00 -7.834460234243281196e-01
3.797029136405758454e+00 -6.378157475650177988e-01
4.692630773361115004e+00 -1.151549126712036353e+00
4.220516453636575349e+00 -9.106035671334100634e-01
3.600288800228451880e+00 -8.796062451290307393e-01
4.144560252639406528e+00 -7.935645897769126877e-01
3.900800551589977072e+00 -9.529038498449267092e-01
3.426194527578432236e+00 -1.179057037739928315e+00
2.806556768238178901e+00 2.553855670849914716e+00
1.784472091885407785e+00 2.349472375824690484e+00
2.198121289572315895e+00 1.389299063949591906e+00
1.565616065828302483e+00 1.845916460201163956e+00
1.668146719460736005e+00 1.788464641209248862e+00
1.936621990135704241e+00 2.525128458460227598e+00
2.270853955987845119e+00 2.333632642848281868e+00
2.447144806768354552e+00 1.272432120532400734e+00
2.587938787200065427e+00 2.142950804444425650e+00
2.560697346319769530e+00 1.884185830123584759e+00
1.216061437758482855e+00 1.716832307165862215e+00
2.435753009403741398e+00 1.732261392849186121e+00
2.813276794202874243e+00 2.492228569613018418e+00
1.401734497325310080e+00 2.724469143979841412e+00
2.039681878551052652e+00 2.471695847449845829e+00
2.619664531839833277e+00 2.840999469343317596e+00
1.073520879296239183e+00 1.595590481216089929e+00
1.703242927662713235e+00 1.886386897559324982e+00
2.258738473152591464e+00 1.556327501535870628e+00
2.310132288971274761e+00 1.957096526539814141e+00
2.371926464507235099e+00 1.745321280074074943e+00
2.492999973438910555e+00 2.262315240603633537e+00
2.336802014233317237e+00 1.770116977597099739e+00
1.052877124404460574e+00 1.580872493339760432e+00
2.587635061033459749e+00 1.209917142553799785e+00
1.765380182153701627e+00 9.689905223074590790e-01
1.499859476546769432e+00 1.658186868122034197e+00
1.816672370451919649e+00 1.312583173721580287e+00
1.320954012692760138e+00 1.518402432366719790e+00
1.481590683500829897e+00 1.584667235557837284e+00
2.396113172592109208e+00 9.611464220512593304e-01
1.851177178508694343e+00 2.476943880860521752e+00
1.664428501273170546e+00 2.354315226206780132e+00
2.100463669799833344e+00 1.594708147813777011e+00
1.767210649162714864e+00 2.990882448072126998e+00
1.737528254707207509e+00 1.687542413179525802e+00
9.334030144783895810e-01 2.270902643076782912e+00
2.515207876734038894e+00 2.059053519353213790e+00
1.681408505440094459e+00 1.898018063742436645e+00
1.205315853675307691e+00 1.449251656527029697e+00
2.795495785334939587e+00 1.338416592710078845e+00
1.480282422705152978e+00 1.800361475428932767e+00
2.927442241666266654e+00 1.480640573283066308e+00
2.231111454399555161e+00 1.780533279629361587e+00
1.429562919431337509e+00 9.369043833537018529e-01
2.077210631110755656e+00 1.522939311539974305e+00
1.452767978104993141e+00 1.977654456732105048e+00
1.953642175683935944e+00 1.596411137617637976e+00
2.231626056441202710e+00 2.498952980952124037e+00
1.955629599222372672e+00 1.057875836909308198e+00
2.297434009020503876e+00 2.409398471999564695e+00
2.259622153075949491e+00 2.234067344522701948e+00
1.542190463828044811e+00 2.952188486479129459e+00
2.210505892511296366e+00 1.571269890853521645e+00
2.294223643488685127e+00 2.250808399159536677e+00
1.534882770871532021e+00 1.132886146749391143e+00
1.132060106974037694e+00 2.542938751672067177e+00
2.473273320473742043e+00 1.663757161842209786e+00
9.678628817282324270e-01 2.127020389449064464e+00
1.304597548433552134e+00 2.701936783085597149e+00
2.535403858014629197e+00 1.504051164570357368e+00
2.104084179911511310e+00 2.627324352879202962e+00
1.301230962087930543e+00 2.252671924347132482e+00
1.383343125332999080e+00 2.545250449157917316e+00
1.623494017206217332e+00 2.327945230577601166e+00
2.246913429553347719e+00 1.477962548558255262e+00
1.583209003215947375e+00 1.095579032978604817e+00
2.460855368574996316e+00 2.115891358257042665e+00
2.453088679829896979e+00 1.116477848482535951e+00
2.170817398137582455e+00 1.444787970763498297e+00
2.670185786959141883e+00 2.732530095280812699e+00
2.930152333619020499e+00 2.549003564099974195e+00
2.274424432052494005e+00 1.466852587949044384e+00
2.146486872126925682e+00 1.422044685301824263e+00
1.705799230252374565e+00 2.151029915536319947e+00
1.616218577509888288e+00 2.324665883614179585e+00
2.995780099221617032e+00 2.003855085000753267e+00
2.293511233623598766e+00 2.195641809493948493e+00
1.194415143291011283e+00 2.532616425305691976e+00
2.268769566395604009e+00 2.207431121052174205e+00
1.534064953984992874e+00 2.857979447998046929e+00
2.950688897325646654e+00 2.404483920435100952e+00
3.059007722248950678e+00 1.890290704848190062e+00
9.898398985493679358e-01 1.790172303060461934e+00
2.359916643331722685e+00 1.821635028592515360e+00
1.172699254866367280e+00 1.281823981568686266e+00
1.492845940763530166e+00 1.857696986682657148e+00
2.451798084732265792e+00 2.053214307608148381e+00
2.023975100281088846e+00 9.959804713046194191e-01
1.488046929089515746e+00 2.229804022835844890e+00
2.859835502656629558e+00 2.681967250103240108e+00
3.113263173907939940e+00 2.084893762380445548e+00
1.402083252860857332e+00 1.185040985764743482e+00
1.677671171985564591e+00 2.956381828154412084e+00
1.465188273615134262e+00 1.757245362666967070e+00
1.907401653646010997e+00 1.652808308435159024e+00
9.030755217814503411e-01 2.109492011878892459e+00
1.909325084358842961e+00 1.415683865455940271e+00
1.077687579501294346e+00 2.111903864800590114e+00
1.624884183296010143e+00 1.714907222696898659e+00
2.537969975803902045e+00 1.803326403352085938e+00
1.727367267193834266e+00 2.400122253165724917e+00
2.368150854676668970e+00 2.459980405520075575e+00
2.848002701287884797e+00 1.621116409358448696e+00
2.506853434781278533e+00 2.341271034422175212e+00
2.536345527961812785e+00 1.143314830940735716e+00
1.219092161899700155e+00 2.731983472935922030e+00
1.986986419728062891e+00 1.153306283447891545e+00
1.929005831643856084e+00 1.588245137834392917e+00
2.863392410587581871e+00 2.091593586599644006e+00
2.451711449061697579e+00 1.987000250724141770e+00
2.108521484201394625e+00 3.094260902909706346e+00
3.072034713021793984e+00 1.923955106689034134e+00
2.450802793165076210e+00 2.442487543673131700e+00
2.484734176855770471e+00 1.233144906404701313e+00
1.561965840459421440e+00 1.612370096192934810e+00
1.761785497991188665e+00 2.462795721660380188e+00
2.601484132996020548e+00 2.066645238378247207e+00
1.376983076911607595e+00 1.444726511714991224e+00
1.574021153942446460e+00 2.301166382804387567e+00
1.523275677825306929e+00 2.228968942083782601e+00
1.734848412577615795e+00 2.556711285697647273e+00
3.036360152360659370e+00 2.049638268661722496e+00
2.021749903306309548e+00 2.604117360983766005e+00
1.760721234813538372e+00 1.463961105697547005e+00
1.204174181203794047e+00 1.214158188600632737e+00
1.658113044418876747e+00 1.684670067900397417e+00
2.921652087500720363e+00 1.838879680713096265e+00
1.697073940015989990e+00 1.723214596335603588e+00
1.933130704491210494e+00 2.447319641981804850e+00
1.213986025503171806e+00 2.530449387932530492e+00
2.974091599328919422e+00 1.294332295708159775e+00
2.199966446055613645e+00 2.829336525571868322e+00
1.593819199553026422e+00 1.594850936725698443e+00
1.455281204047800259e+00 1.838146272066273124e+00
2.222488948426192046e+00 2.355145307017440182e+00
1.987693117650326968e+00 2.303321520592705784e+00
1.845925387427522546e+00 2.376188219038632532e+00
2.272467519268134950e+00 2.972902026348258619e+00
1.629567987728554712e+00 2.394045110147667188e+00
1.910351754185949380e+00 2.583672596201941118e+00
2.314549485533731410e+00 1.682660874951409147e+00
2.244802653963579253e+00 1.279380082563271070e+00
2.713476033862967984e+00 1.524924593256699268e+00
2.436266677064823138e+00 1.969265811428542623e+00
1.868028383902779810e+00 1.427777185747886479e+00
1.559651872953645046e+00 2.256645753325413395e+00
1.516163990034790299e+00 1.939916915039379353e+00
1.755119449668350873e+00 1.120551916762535072e+00
1.555681628219572676e+00 2.033930486579732744e+00
1.863175879172122018e+00 1.101407811900229072e+00
2.092961984507154316e+00 3.039797456606101900e+00
1.876763268414984642e+00 1.590382972830455932e+00
2.245829657290566050e+00 1.087910002601867987e+00
1.529443167859208641e+00 1.041038288111356458e+00
2.838301586432412815e+00 2.244823750351330638e+00
2.519281500657867490e+00 1.138974418161985858e+00
1.891107350272010379e+00 3.033931355383000295e+00
1.771087488670039400e+00 2.432455998547881304e+00
2.910661004657016715e+00 1.497329730400631664e+00
2.484183958090754096e+00 2.226281204578808737e+00
2.976280779029429446e+00 1.833891593751792115e+00
2.397666148310908962e+00 2.923843340693332848e+00
1.514039526131929492e+00 1.111535584518011710e+00
2.935880970670432522e+00 1.622884050317187299e+00
1.037007043959392583e+00 2.431746766291986273e+00
2.137973114179263057e+00 2.507973416704038172e+00
1.731160700956848375e+00 2.311463443363771741e+00
1.911021740544678993e+00 1.542690986082624560e+00
1.094261266330898152e+00 2.229256487609363457e+00
1.224697607357476237e+00 1.676394298805505834e+00
2.224131485801528640e+00 2.477985953172019862e+00
2.281336375896187096e+00 2.249514301710770603e+00
1.825200720850672198e+00 1.561787271886474482e+00
7.845089543205743254e-01 2.156985197252421216e+00
2.852377020929629303e+00 2.457074318322840067e+00
1.335190066909312634e+00 1.157981545659169331e+00
1.527774824269381160e+00 2.148277312143576978e+00
3.002489086722873957e+00 2.189726682969751703e+00
2.335915664856263341e+00 2.317420128030446058e+00
2.666452501134536135e+00 2.773969486255840611e+00
1.726123629922395653e+00 9.726663540394733243e-01
2.270887832988164323e+00 3.060050907539511478e+00
1.594491897351842491e+00 2.297822113463724669e+00
1.444362193369809866e+00 2.794333261977993033e+00
1.048495542119841639e+00 1.717882123672636485e+00
1.507069404045517924e+00 2.053455405312956561e+00
2.585246896042627363e+00 1.741627303799526238e+00
2.432245862462254493e+00 3.073286304673771063e+00
1.010636268888505551e+00 2.097868405388213286e+00
1.951811847228170027e+00 3.136030970886604763e+00
1.696675305484394158e+00 3.005825871778217806e+00
2.109466041174404616e+00 1.662281467909451083e+00
2.080166436235928895e+00 2.485997541748793171e+00
2.374686848044619047e+00 9.689385088606794483e-01
1.869459261474902378e+00 2.447909317856124645e+00
1.855350949715188325e+00 1.585394873123167514e+00
3.011954001577455742e+00 1.602922046396578759e+00
1.595390510104442550e+00 1.729797332681910049e+00
1.322257179566357133e+00 1.324427309603532610e+00
1.594443354333170415e+00 1.677508791083544892e+00
2.719396319822868335e+00 2.761993899906156624e+00
2.984615980142137470e+00 1.707360646040499752e+00
2.600132249512925764e+00 2.903150418413808609e+00
1.952363559301434792e+00 1.659472436850758736e+00
1.437095630147899872e+00 2.858404003992607301e+00
2.435704744664711097e+00 2.015011522700612900e+00
1.228999666486285225e+00 2.303798792505803661e+00
1.288735734378635200e+00 1.298108979411105146e+00
2.836117866571323809e+00 2.534775050458272894e+00
2.950353214377309463e+00 2.304953753969988473e+00
2.345894574642240826e+00 2.881469219773346246e+00
1.433934348645325318e+00 1.824434537361431907e+00
2.533009336867821482e+00 2.583003671283714109e+00
2.299524699706644526e+00 3.069358143526148552e+00
2.493320225182055427e+00 2.048687899035465776e+00
9.214132042049083537e-01 1.744168926712033052e+00
2.512047986725623794e+00 2.307625051468606081e+00
1.861402136921877171e+00 1.283337515813948393e+00
2.903191788233542070e+00 2.047706809235686709e+00
1.449965316913812696e+00 3.111549818269569556e+00
2.105221869980061999e+00 1.055887143858050603e+00
1.407291208832284646e+00 1.859994358281045868e+00
1.787621399398170663e+00 3.084410095927454520e+00
2.397042916255130329e+00 2.496443135520304057e+00
1.196073121209714429e+00 2.843865139628712235e+00
8.698422234547951160e-01 2.071741777397687834e+00
2.440072312818482025e+00 1.681045691979383472e+00
1.011259865394416257e+00 1.458265156818199015e+00
2.833826312453009866e+00 1.902971874779962436e+00
2.528963320217877619e+00 2.905201822280781165e+00
1.096041701305822347e+00 2.356390908789111727e+00
2.221740945570166215e+00 2.703821252740586267e+00
1.521301928034550777e+00 2.294440198619977611e+00
2.192882202035482564e+00 9.781865701984773231e-01
2.640594208104682483e+00 1.375136522591403843e+00
2.977166408729873925e+00 1.571006064175716199e+00
1.456903197428807140e+00 2.770328403066907974e+00
2.301543724875093844e+00 1.831278699353151795e+00
9.966667695935960136e-01 2.030643180161670447e+00
2.136132924162474467e+00 1.606933563816269839e+00
2.361442374093312146e+00 3.011671168261767839e+00
1.053619954108544032e+00 2.251317537687752335e+00
1.906494320690036215e+00 1.031378281616342374e+00
2.464948832656270739e+00 1.999851091885724186e+00
2.067622242500878560e+00 2.541167333233507186e+00
2.416167547885820888e+00 1.732052696169513295e+00
2.029152392148706241e+00 3.132835172478371177e+00
1.759813571539351695e+00 2.380335487522307503e+00
2.153245986957078806e+00 1.200059935720246829e+00
9.470111189036527488e-01 -7.347515184909619856e-01
-1.614423391482904702e+00 -2.709800124644425878e-01
-1.409208249453927531e+00 -4.020516460916512269e-02
-1.975013355658611358e+00 -6.127668465261769670e-01
-8.669907955743660910e-02 -1.510595158557082929e+00
-6.087020699168833593e-01 -1.301461250412807580e+00
-7.510522261000429634e-01 -1.250279544794521636e+00
1.001053924029983833e+00 -7.098028306759925909e-01
6.152611692482354844e-01 -1.197861888527338659e+00
7.949944688542456284e-01 -7.990409013290424856e-01
-1.634711375107115394e+00 -2.069542456931457997e-01
-1.073259275957782588e+00 1.545793880580514923e-02
-1.607142171298644451e-01 -5.097237169418528113e-01
-8.045622719629277331e-01 -9.908880716154447876e-01
1.172729237403160596e-01 -6.277305123382231899e-01
-1.891514464053333677e+00 -5.348200453203958427e-01
-1.090484184291370839e+00 -1.554401971629160162e-02
-1.187771555516181632e+00 6.637344634141051358e-02
-1.521915761476597684e+00 -9.908613960204881721e-02
-2.517530779666632412e-01 -3.142775868630051095e-01
4.090658088583198904e-01 -1.519040649620162942e+00
-1.528718352335874497e+00 -4.626413352588749639e-01
-5.179287006741710719e-01 -2.896093034654534382e-01
-2.566660668414041391e-01 -4.556707627503316926e-01
5.229313747663859591e-01 -1.427636856470325011e+00
1.828137812547954155e-01 -1.606550579831314884e+00
-3.088473451023262539e-01 -2.709533053679009651e-01
-1.354202555077224535e+00 -1.289832257094694068e-01
-8.448726435608151508e-01 -1.155358098896140273e+00
9.308214725023731262e-01 -8.189435585579387666e-01
-6.893929758516592621e-02 -8.452730070053382505e-01
8.288486118110764966e-01 -1.146186580197241067e+00
-7.271421291870463488e-01 -1.378511392791447188e+00
-1.413632235352634492e+00 -6.493843471355376096e-02
-2.221409395406717113e-01 -3.936920714319732673e-01
-1.135192330179295883e+00 -5.528361597176207898e-01
-8.936860184193595735e-02 -7.844122260357591081e-01
-1.323854812972494743e-01 -3.007789744488583716e-01
-2.024608400556094923e-01 -4.341961928632422918e-01
-7.046450520527116623e-01 -2.135088158708020600e-02
-1.568492001932241919e+00 -2.217907800698684095e-01
7.741395943755504661e-01 -1.229379315135380235e+00
6.891465195573616143e-01 -1.181185227634374613e+00
-7.747235474470492989e-01 -1.066898586081006517e-01
-1.099333160189710501e-01 -8.140680363988648249e-01
-1.729248358819249765e-01 -1.497181265193506805e+00
-1.703345364860114008e+00 -4.156401070505073569e-01
-9.048679274518016680e-01 -7.623473628721599837e-02
9.697713566244747785e-01 -9.652360822281383923e-01
-2.047203506590525635e+00 -9.381222522972436639e-01
4.219225100473957824e-01 -1.489796316854041347e+00
-1.486879884243180516e+00 -1.748263946567705229e-01
-9.016939553577709709e-01 -5.215186389894455044e-01
9.733742083177452376e-01 -9.325617132021157829e-01
4.149832774691408765e-02 -7.273485171449635134e-01
9.154979037560464494e-01 -5.334152549157942236e-01
-1.512226950286533533e+00 7.760834135963401437e-02
-5.993970583014498477e-01 -2.393757234506055376e-02
-2.091280636691863037e+00 -4.258902061740909017e-01
-2.606715013191011066e-01 -3.134922292066931737e-01
-6.362906620889628995e-01 -1.284305201311567668e+00
-5.734343551849804266e-01 -1.335189464592896558e+00
-5.117082238056847032e-02 -5.145795776636843399e-01
-1.654358094885858499e+00 -2.530589557438680526e-01
-7.892844226908052319e-01 -1.254705680487344877e+00
1.802325046673018960e-01 -1.433043271450294309e+00
-9.726700185044284686e-01 -7.285261302031682540e-01
9.251436457580843875e-01 -7.539777375115721547e-01
-1.494327910212761568e-01 -5.196965788663677754e-01
-1.980307878142756550e+00 -8.563557254718330292e-01
9.516090586376895200e-01 -1.086327824242636853e+00
9.392682968076937478e-01 -1.324494984352218907e+00
-6.306035223673561729e-01 -2.574484492439521599e-02
1.139053396707393695e+00 -6.641348608823030020e-01
-7.044704998875191970e-01 -1.218186761050470857e+00
6.393873696211653801e-01 -1.103135015854825873e+00
7.248899041482510519e-01 -9.478962283201068928e-01
1.054177908938922492e-01 -1.404916630299620106e+00
-9.187373875477234941e-01 -1.066904838061242256e-01
-1.687630176064935927e-01 -4.574229007831973615e-01
-1.182896828899948627e+00 9.879550337432996265e-02
-1.638621147749607765e+00 -2.799870750384610973e-01
1.456341885081524623e-02 -7.100130567342435306e-01
-8.413218159652209316e-01 -7.509759832282638659e-01
-3.031781064254090996e-02 -1.532870816644507084e+00
-7.698437068018770812e-01 3.346273995571102944e-02
9.981314653188546604e-01 -3.561034803581972774e-01
-1.539461244620349278e+00 -2.024623191662375810e-01
-6.123875761424515396e-01 -1.846113761099394956e-01
-1.612249007132809275e+00 -1.440072310737874339e-01
-7.180232173479685898e-01 -5.439646533550190899e-02
-2.878350977231133312e-01 -3.820080481898662228e-01
3.893685472497649958e-01 -1.273915033420994103e+00
8.981293013107309875e-01 -7.369187313657614702e-01
-7.142825941785635457e-02 -3.836178158553977813e-01
-8.882716534311809742e-01 -6.563904634839766716e-01
-2.561236774829536156e-01 -2.241826585533137628e-01
-1.609051324443601327e+00 -2.129126161468081202e-01
-3.805171253616224103e-02 -5.206927029772190352e-01
-8.960529782429198509e-01 -9.080315750967223876e-01
2.900588911138817227e-01 -1.448262279459590740e+00
-1.048836268599712129e+00 3.527093920074242384e-02
-5.096035381031610578e-01 -2.896489573726499511e-01
8.588419141214154173e-01 -8.471804072659719909e-01
-1.723100759962251871e+00 -3.760889681351649028e-01
6.105697987046296848e-01 -1.394017513970117417e+00
-8.668874208198923403e-01 -9.215108648202263719e-01
-3.023985005983356178e-01 -1.481452973378755811e+00
1.227305253791466377e-01 -9.225658077919492994e-01
1.126383089963992390e+00 -6.335140692357746905e-01
-1.741889197610081430e-01 -3.983478729707642385e-01
-1.827924777265679701e+00 -7.335040830627259645e-01
8.742781824077268116e-01 -7.825248145486981555e-01
-2.150405018790660261e+00 -1.095263902184175686e+00
8.532577633903193348e-01 -1.124801458349618866e+00
-9.270389729146046864e-01 -9.647417587123632288e-01
-9.006586638128479816e-01 -6.376951028973876223e-02
-9.216286215864042397e-01 -5.334240801452601044e-01
3.844225081097241148e-01 -1.536734387101792443e+00
4.389306879782828297e-02 -7.298118132505466704e-01
-9.725352796387555232e-01 -6.036204360190911000e-02
-1.790886043206835643e+00 -4.504223523522266071e-01
-1.853470642377834654e-01 -1.427541973709638867e+00
6.435975453462567941e-01 -9.839365575782532680e-01
-1.790422891325942345e+00 -2.486967934787760459e-01
-7.347200083661148406e-01 -1.272446959933987154e-01
-1.216033886546944220e+00 8.551057074587187223e-02
-2.902685570272937055e-01 -3.043267348006900574e-01
-1.879783904849215093e+00 -6.796009403636606994e-01
2.254553300004116245e-01 -1.337510141155053844e+00
2.566797251933390367e-01 -1.433536700759025173e+00
-8.903679158920669856e-01 -8.576046908280247072e-01
-3.743922540867219428e-01 -6.633828270362118751e-02
-1.539116650359648952e+00 -7.726001852757891086e-02
-7.034176166003194286e-01 -8.724822558317379961e-02
-3.935032993553913006e-01 -1.398656850332562485e+00
-4.880100341187210145e-02 -8.220554562692962142e-01
-1.118963957844441470e+00 7.173486028401421244e-02
-1.170063350956987991e+00 -6.381599525854620980e-01
-1.986494972199129183e+00 -4.717754726691123501e-01
-9.291068797463211126e-01 -8.225346149981378474e-01
-2.010500723698310122e+00 -6.479480212146953022e-01
-9.677465849870160453e-01 -5.930707848136462790e-01
-2.440937317184930233e-01 -9.135413500124311970e-02
-8.565355038631562445e-01 -9.550565162242841133e-01
3.300074579717144907e-01 -1.421909510149253375e+00
-4.670480224086769327e-01 -1.289112206800441918e+00
-2.041021869278032863e+00 -8.617818111606860842e-01
1.140665424459306188e+00 -6.220606229337725113e-01
-7.405957615569346286e-01 -1.117715929881753167e+00
-3.142142615182420551e-01 -1.766501633384840453e-01
5.165990477377595536e-01 -1.298147259348466864e+00
1.643568046174692654e-01 -8.023597821067770530e-01
-7.734483020899425298e-01 -1.079400094682696043e+00
7.730793037677230473e-01 -1.088031650238627357e+00
-1.018313515690686843e+00 -1.382226052336630318e-01
-2.065101084224469474e+00 -7.204210884590096509e-01
-8.367314304819672977e-02 -1.628012337691984390e+00
-4.198260514847785840e-01 -1.124710379429307849e-01
-2.275485792868714441e-01 -1.485457311059660501e+00
-1.853362317309663609e+00 -8.856715451498394787e-01
-1.828730255009068717e+00 -6.091850572077199821e-01
-9.426002223582731210e-01 -3.710530804838827468e-01
4.174672596438007144e-01 -1.371257282544544820e+00
-9.539141455681260373e-01 -6.811276719544812064e-01
2.482534006630254808e-02 -1.321340352324644085e+00
-6.002065067445756519e-01 -1.234685042250146303e+00
-5.314913440665094413e-01 -1.436995638459490854e+00
-4.608583801916384948e-01 -1.133574147210556493e+00
1.896656543423280716e-02 -1.657672128263542932e+00
-1.459620953248707220e+00 -1.240276422288938418e-01
-2.005049216650254706e+00 -7.335925016335707038e-01
-1.364528743879136030e+00 4.620802034099202871e-03
-4.817878863828196634e-01 -1.277922105252093710e+00
-6.061218336659015549e-01 -1.436904614877865694e+00
6.045452564086764013e-01 -1.147356955634104336e+00
-1.957842885467173222e+00 -6.404416153898493391e-01
-3.756773724393925873e-01 -1.362238594636397071e+00
-4.728245962562631632e-01 -1.452515875978547255e+00
-1.645353589569092945e+00 -5.296858986011856452e-01
-1.254205613663744945e+00 -8.482252220246988550e-02
-8.041661212540258674e-01 -9.267247780827555514e-01
-1.004703306973236954e-01 -1.541857941281521427e+00
-8.265996404416429133e-01 3.251331959999026466e-02
-7.987323174801395087e-01 -1.226562915672812393e+00
-2.183468756223138296e+00 -8.147365138002604645e-01
-8.855909917465109027e-01 -8.955155452107689262e-01
-1.856852454358221882e+00 -6.468802015616090806e-01
-7.456697656994756285e-01 -6.357417908995255384e-02
-7.365485793200766684e-01 -1.214170759335587491e+00
-9.580584126424052105e-02 -7.203378643657715186e-01
-9.948247243653951521e-02 -9.964980176978659454e-01
-1.159025210101314318e-01 -8.738971880676711379e-01
8.212065389427403161e-01 -9.859491478991055935e-01
-2.069845082732096664e+00 -8.365551686679488785e-01
-2.307590970244876027e-01 -4.479532390215330562e-01
8.283098401481374662e-01 -1.095251499911245707e+00
4.772951242789313930e-01 -1.274221085429411371e+00
-2.741360449121454934e-01 -1.225579138247242073e+00
-1.768435520877257083e+00 -4.994824042106935647e-01
6.528909687897876957e-02 -7.155871120279380104e-01
1.093731722941928552e+00 -7.858438615613178024e-01
-1.661915189560604356e-01 -1.375287128645266144e+00
-1.443569008641872209e+00 -8.852494608999128545e-02
-6.056904126478199757e-01 -1.479617055678109638e+00
-1.843259300725291094e+00 -2.045581727893777124e-01
-1.693838647447153178e+00 -3.443219726832672523e-01
-1.288932874516375282e-01 -1.485512358809277567e+00
2.495389695246534867e-01 -1.333669681398861551e+00
-1.878651329986531948e+00 -7.722301769367359014e-01
-1.224890192041405701e-02 -1.391709255963955005e+00
9.059688490960662310e-01 -5.771953147663497763e-01
4.159883437210210033e-02 -1.431206989024032428e+00
-5.358288401024726699e-01 -2.159877008622284045e-01
-1.710905276384161677e+00 -4.414385011890593624e-01
-7.923161805664599155e-01 3.931623654222304864e-02
-9.499461459569576993e-01 -8.913974581212080750e-02
-1.711124358896086495e+00 -2.327819509607931270e-01
8.946226539831283464e-01 -5.383485157654273046e-01
8.086372284728948756e-01 -9.929970017989003805e-01
1.006426136092362089e-01 -1.693860747776363418e+00
-3.492721580694695405e-01 -1.369078151185055603e+00
-2.044470559137984367e+00 -9.945387918538919347e-01
7.540923797673064755e-01 -1.387286397744140309e+00
-8.934599434357042291e-01 -8.174749376094256892e-01
-5.966708555383093415e-02 -9.432941787479817153e-01
-8.752920906211173468e-01 -7.774383656117264119e-01
-1.780532379549132349e-01 -1.611778898124097914e+00
8.174571578593849974e-01 -1.264632380667159328e+00
3.863551423672468843e-01 -1.179768227367661737e+00
-4.604239373445324635e-01 -1.368303315945930576e+00
-3.897800885462301412e-01 -1.651801933244670950e-01
-1.608730242768523500e+00 -1.284690415451290590e-01
-1.015350211783847101e+00 4.727209920209274330e-02
-3.153349855198215312e-01 -6.295302276261649510e-02
-1.170031127404876470e+00 -8.490734324860054194e-01
5.730975545895364842e-01 -1.257334532960011853e+00
5.396274478713687373e-01 -1.384293251143457137e+00
-1.041638291218202728e+00 1.112845000143918295e-01
-2.245279208073198696e-01 -1.406636954513970528e+00
-3.116557054471105204e-01 -7.703129514616348095e-01
-4.725200452634352732e-01 -1.446661161646204175e+00
-1.961589501651449741e+00 -7.974566232627415818e-01
-8.955824664689979731e-01 -8.856605343247436757e-01
-9.110349317432095972e-01 -1.095676070664333368e+00
-1.004581115174277617e+00 -1.005964486754149512e+00
-1.916583291657625310e-02 -1.092250784480635062e+00
3.996753321164470130e-01 -1.428940609838162290e+00
-1.635601767737928647e+00 -2.334066781692805126e-01
8.627158520498905414e-01 -9.788248128989414099e-01
